# JK covariance of g_obs, 15x15
1.748071583093370247e-25 4.883569020051158403e-26 9.960959186135973381e-27 -1.113496196248537701e-26 3.048103092834665747e-26 8.454647670778451064e-26 5.877569448813654018e-26 -2.981885754246054362e-30 2.010676153678385501e-26 -1.759894746881698219e-25 9.655433573529422768e-26 1.573002577813233921e-25 -3.946816348223139204e-25 6.119483073246314022e-25 3.009721763260689896e-25
4.883569020051158403e-26 9.978492130211050159e-26 7.031083847323867182e-27 1.618910645677526912e-26 4.692575826695942373e-26 -5.033388739332854910e-26 2.448857744235249417e-26 -3.163602434923671385e-26 1.782790720784981800e-25 2.956307361851588135e-26 4.688072292608206229e-26 1.447945923374740420e-26 4.052142566676676230e-25 -5.149853465739236028e-25 1.330905312402240830e-25
9.960959186135973381e-27 7.031083847323867182e-27 1.340779114244962829e-25 1.752340241449995249e-26 9.171608958618557355e-26 -1.092118395591540210e-27 -8.376914802068010245e-26 1.611280730985753257e-26 -2.091312336380515580e-25 -3.270931242418671704e-25 2.831748947556038304e-25 7.201446516769566053e-26 -2.757699460538845359e-25 -4.989876626574159588e-25 -2.544237298031727071e-25
-1.113496196248537701e-26 1.618910645677526912e-26 1.752340241449995249e-26 1.417179936861805111e-25 5.908553701685863774e-26 -5.547237129432541737e-26 -1.030807925132836470e-25 -7.132074954327011184e-26 4.963623653989933221e-26 -1.882435892791361956e-25 -6.122506938770333308e-26 -2.890541648649144039e-26 5.578924186308633554e-25 -6.797223170235958136e-25 2.233953897854183083e-25
3.048103092834665747e-26 4.692575826695942373e-26 9.171608958618557355e-26 5.908553701685863774e-26 3.150977384107154294e-25 -7.435909123361081404e-26 -1.707530267901842506e-25 8.955747437904323809e-26 -1.002832458830741735e-25 -7.872200730055906651e-26 5.935824797350618719e-25 -1.185744338013567009e-25 -2.466833006462250754e-25 -1.404665265585235259e-24 -2.838150440390333070e-25
8.454647670778451064e-26 -5.033388739332854910e-26 -1.092118395591540210e-27 -5.547237129432541737e-26 -7.435909123361081404e-26 4.577182593836655041e-25 1.165392799780535460e-26 1.761751618088572901e-25 -1.951510832199188044e-25 7.879454818067588691e-26 -6.114924948282576011e-26 2.006078997255669722e-25 -1.922552495919107761e-25 2.409012004894070637e-24 3.891077662921521541e-25
5.877569448813654018e-26 2.448857744235249417e-26 -8.376914802068010245e-26 -1.030807925132836470e-25 -1.707530267901842506e-25 1.165392799780535460e-26 5.707319110430665640e-25 -3.646453290330240136e-25 2.257369083003755744e-25 4.887933887286433545e-25 8.066917035870315111e-25 4.827571914338499586e-25 -1.693359513036275222e-25 3.761902744245065907e-25 3.770784457254312455e-25
-2.981885754246054362e-30 -3.163602434923671385e-26 1.611280730985753257e-26 -7.132074954327011184e-26 8.955747437904323809e-26 1.761751618088572901e-25 -3.646453290330240136e-25 1.849368732997297972e-24 5.959967106326147902e-25 -9.375737636663216298e-25 -3.582216424555887390e-25 -2.432589471599942648e-24 1.155886553502905357e-25 3.854127166628248962e-24 -1.213106656684501966e-24
2.010676153678385501e-26 1.782790720784981800e-25 -2.091312336380515580e-25 4.963623653989933221e-26 -1.002832458830741735e-25 -1.951510832199188044e-25 2.257369083003755744e-25 5.959967106326147902e-25 2.464657538566156403e-24 5.691239303857869674e-25 -7.182659497022419002e-26 -1.058675112242183985e-24 4.084628154403761621e-24 2.025623022926775673e-24 -3.340397560570946992e-24
-1.759894746881698219e-25 2.956307361851588135e-26 -3.270931242418671704e-25 -1.882435892791361956e-25 -7.872200730055906651e-26 7.879454818067588691e-26 4.887933887286433545e-25 -9.375737636663216298e-25 5.691239303857869674e-25 6.717059705529696346e-24 2.957622375820281027e-24 -2.103567490993371185e-24 3.832653066235216327e-24 -7.215947310597226397e-24 -2.654610006636824249e-25
9.655433573529422768e-26 4.688072292608206229e-26 2.831748947556038304e-25 -6.122506938770333308e-26 5.935824797350618719e-25 -6.114924948282576011e-26 8.066917035870315111e-25 -3.582216424555887390e-25 -7.182659497022419002e-26 2.957622375820281027e-24 1.023528182244214437e-23 -2.187158759361172709e-24 -3.215313176344748640e-24 -9.400147785721605221e-24 -1.134261093991127558e-24
1.573002577813233921e-25 1.447945923374740420e-26 7.201446516769566053e-26 -2.890541648649144039e-26 -1.185744338013567009e-25 2.006078997255669722e-25 4.827571914338499586e-25 -2.432589471599942648e-24 -1.058675112242183985e-24 -2.103567490993371185e-24 -2.187158759361172709e-24 1.595459233983700538e-23 -4.599521333313476463e-24 3.662160392175950679e-24 7.457412685102171355e-24
-3.946816348223139204e-25 4.052142566676676230e-25 -2.757699460538845359e-25 5.578924186308633554e-25 -2.466833006462250754e-25 -1.922552495919107761e-25 -1.693359513036275222e-25 1.155886553502905357e-25 4.084628154403761621e-24 3.832653066235216327e-24 -3.215313176344748640e-24 -4.599521333313476463e-24 3.093014417907954873e-23 -3.315930291255404056e-24 -3.518034232886894466e-24
6.119483073246314022e-25 -5.149853465739236028e-25 -4.989876626574159588e-25 -6.797223170235958136e-25 -1.404665265585235259e-24 2.409012004894070637e-24 3.761902744245065907e-25 3.854127166628248962e-24 2.025623022926775673e-24 -7.215947310597226397e-24 -9.400147785721605221e-24 3.662160392175950679e-24 -3.315930291255404056e-24 4.477299474685884550e-23 -4.314261115059970512e-24
3.009721763260689896e-25 1.330905312402240830e-25 -2.544237298031727071e-25 2.233953897854183083e-25 -2.838150440390333070e-25 3.891077662921521541e-25 3.770784457254312455e-25 -1.213106656684501966e-24 -3.340397560570946992e-24 -2.654610006636824249e-25 -1.134261093991127558e-24 7.457412685102171355e-24 -3.518034232886894466e-24 -4.314261115059970512e-24 5.097441414283980077e-23
