# Combined JK covariance, 24 patches
1.054137048470943751e-26 7.516096033407062002e-27 3.092119423986364040e-27 7.266521970237647270e-27 8.832196898300784035e-27 6.496545141532339515e-27 -3.531927458417034265e-27 4.680388954216573858e-27 2.194860180388736640e-26 9.478367529385507257e-27 2.455417707992911284e-26 2.334034018667816911e-26 7.373714549957855109e-26 -3.222182359272793960e-26 6.554907855921441384e-26
7.516096033407062002e-27 1.356079928017303837e-26 9.136243336585966667e-27 7.524364510338032609e-27 4.463739276487625319e-27 3.581820323311288266e-27 -4.938059801553697981e-27 1.249941729673911213e-26 2.354216861003446207e-26 1.548948031208913592e-26 9.173259966421528188e-28 3.550587239005676219e-27 3.909486565038098058e-26 -3.911790870643443385e-26 4.170981042798476412e-26
3.092119423986364040e-27 9.136243336585966667e-27 1.278064948324063891e-26 5.324055374537907180e-27 6.264859960659303898e-28 1.499833791008158645e-27 9.293608131121356999e-27 5.765012717527341475e-27 1.795974939206003753e-26 -4.934204134443164050e-28 8.378601025229774046e-27 -1.978825351841437486e-26 2.480215343032378731e-26 -5.494286822687918873e-26 1.113914900006721647e-25
7.266521970237647270e-27 7.524364510338032609e-27 5.324055374537907180e-27 2.602062547493766338e-26 6.397438451952272519e-27 7.292152539359075776e-27 -1.070271122956161287e-26 -3.759242998176873151e-27 2.851691536970605124e-26 2.442972836733306641e-27 2.389918922699784882e-26 3.641431933742550012e-26 4.622716782839996910e-26 1.281028891335750512e-26 -4.702391453003884928e-26
8.832196898300784035e-27 4.463739276487625319e-27 6.264859960659303898e-28 6.397438451952272519e-27 1.632105056397807612e-26 1.204017552969838242e-26 -9.409578788606636218e-28 1.309244865660017483e-26 3.435848457634791048e-26 1.640233191163391217e-26 1.863441650032423654e-26 2.436267610199202852e-26 7.701160685197375095e-26 5.384776597656408958e-26 6.093820274285795835e-26
6.496545141532339515e-27 3.581820323311288266e-27 1.499833791008158645e-27 7.292152539359075776e-27 1.204017552969838242e-26 3.434469551857277688e-26 -2.755137172385908198e-27 -2.378433406294632298e-27 1.437217104642716422e-26 2.014790644860247287e-26 1.646135807227619006e-27 1.798358159779018338e-26 -2.642140982381621795e-26 8.737192833730920389e-26 1.402701684561105387e-25
-3.531927458417034265e-27 -4.938059801553697981e-27 9.293608131121356999e-27 -1.070271122956161287e-26 -9.409578788606636218e-28 -2.755137172385908198e-27 7.627750982316702671e-26 -7.885495799796000227e-27 1.867645737721257361e-26 -2.287856292048513100e-26 -1.988276455318168839e-26 -1.506899260962154224e-25 -1.479646363077160584e-26 1.120270871077023371e-25 3.206704960730976978e-25
4.680388954216573858e-27 1.249941729673911213e-26 5.765012717527341475e-27 -3.759242998176873151e-27 1.309244865660017483e-26 -2.378433406294632298e-27 -7.885495799796000227e-27 2.084770202533455320e-25 -3.485368804561392265e-26 5.602179023088381756e-26 -1.903328880643889811e-26 -1.952164463090674276e-25 2.043299775831149383e-25 3.851053985249763439e-25 -3.656814869015304049e-25
2.194860180388736640e-26 2.354216861003446207e-26 1.795974939206003753e-26 2.851691536970605124e-26 3.435848457634791048e-26 1.437217104642716422e-26 1.867645737721257361e-26 -3.485368804561392265e-26 2.673558278136446534e-25 8.745231649322728722e-26 -3.602156822626099987e-26 1.379753469432448328e-25 1.091241853934115963e-25 -1.219621484885427634e-25 1.701901048243086260e-25
9.478367529385507257e-27 1.548948031208913592e-26 -4.934204134443164050e-28 2.442972836733306641e-27 1.640233191163391217e-26 2.014790644860247287e-26 -2.287856292048513100e-26 5.602179023088381756e-26 8.745231649322728722e-26 2.873681810736478411e-25 -1.364640020069269200e-25 -9.523523881394345692e-26 -1.596912062163642282e-25 1.617925683819535509e-25 -5.757788280648683380e-25
2.455417707992911284e-26 9.173259966421528188e-28 8.378601025229774046e-27 2.389918922699784882e-26 1.863441650032423654e-26 1.646135807227619006e-27 -1.988276455318168839e-26 -1.903328880643889811e-26 -3.602156822626099987e-26 -1.364640020069269200e-25 5.454677692748690126e-25 2.602308565781614027e-25 4.950839300248190166e-25 -6.161771915327756589e-25 8.285491938596911190e-25
2.334034018667816911e-26 3.550587239005676219e-27 -1.978825351841437486e-26 3.641431933742550012e-26 2.436267610199202852e-26 1.798358159779018338e-26 -1.506899260962154224e-25 -1.952164463090674276e-25 1.379753469432448328e-25 -9.523523881394345692e-26 2.602308565781614027e-25 1.138740510881932539e-24 4.687050987632916938e-25 -6.272121324836273177e-25 3.387187750738769692e-25
7.373714549957855109e-26 3.909486565038098058e-26 2.480215343032378731e-26 4.622716782839996910e-26 7.701160685197375095e-26 -2.642140982381621795e-26 -1.479646363077160584e-26 2.043299775831149383e-25 1.091241853934115963e-25 -1.596912062163642282e-25 4.950839300248190166e-25 4.687050987632916938e-25 2.148454354715990478e-24 -8.512837639230518883e-25 7.631319305419389260e-25
-3.222182359272793960e-26 -3.911790870643443385e-26 -5.494286822687918873e-26 1.281028891335750512e-26 5.384776597656408958e-26 8.737192833730920389e-26 1.120270871077023371e-25 3.851053985249763439e-25 -1.219621484885427634e-25 1.617925683819535509e-25 -6.161771915327756589e-25 -6.272121324836273177e-25 -8.512837639230518883e-25 6.962170097958644344e-24 -1.954984509819782490e-24
6.554907855921441384e-26 4.170981042798476412e-26 1.113914900006721647e-25 -4.702391453003884928e-26 6.093820274285795835e-26 1.402701684561105387e-25 3.206704960730976978e-25 -3.656814869015304049e-25 1.701901048243086260e-25 -5.757788280648683380e-25 8.285491938596911190e-25 3.387187750738769692e-25 7.631319305419389260e-25 -1.954984509819782490e-24 7.668664582948561672e-24
